!---------------------------------------------------------------------
!	Œruba imbusowa
!
!	Sruba imbusowa z poglebieniem szesciokatnym
!	Zylinderschraube mit Innensechkant
!---------------------------------------------------------------------
			
SCREWTYPE	1
UNIT	MM

SURFACE	83
AXIS	118
CBSCR	PN-EN_ISO_4762
INFO	Œruba imbusowa

SYMBOL	STRING	DN	LG	B	S	DK	K	DG	P	
INSTANCE	STRING	DN	LG	B	S	DK	K	DG	P	

SIM3x5	M3	3	5	5	2	7	4	3.3	0.5
SIM3x6	M3	3	6	6	2	7	4	3.3	0.5
SIM3x8	M3	3	8	8	2	7	4	3.3	0.5
SIM3x10	M3	3	10	10	2	7	4	3.3	0.5
SIM3x12	M3	3	12	12	2	7	4	3.3	0.5
SIM3x16	M3	3	16	16	2	7	4	3.3	0.5
SIM3x20	M3	3	20	20	2	7	4	3.3	0.5
SIM3x25	M3	3	25	20	2	7	4	3.3	0.5
SIM3x30	M3	3	30	20	2	7	4	3.3	0.5


SIM4x6	M4	4	6	6	3	7	4	3.3	0.7
SIM4x8	M4	4	8	8	3	7	4	3.3	0.7
SIM4x10	M4	4	10	10	3	7	4	3.3	0.7
SIM4x12	M4	4	12	12	3	7	4	3.3	0.7
SIM4x16	M4	4	16	16	3	7	4	3.3	0.7
SIM4x20	M4	4	20	20	3	7	4	3.3	0.7
SIM4x25	M4	4	25	20	3	7	4	3.3	0.7
SIM4x30	M4	4	30	20	3	7	4	3.3	0.7
SIM4x35	M4	4	35	20	3	7	4	3.3	0.7
SIM4x40	M4	4	40	20	3	7	4	3.3	0.7
												
SIM5x8	M5	5	8	8	4	8.5	5	4.2	0.8	
SIM5x10	M5	5	10	10	4	8.5	5	4.2	0.8
SIM5x12	M5	5	12	12	4	8.5	5	4.2	0.8
SIM5x16	M5	5	16	16	4	8.5	5	4.2	0.8
SIM5x20	M5	5	20	20	4	8.5	5	4.2	0.8
SIM5x25	M5	5	25	25	4	8.5	5	4.2	0.8
SIM5x30	M5	5	30	30	4	8.5	5	4.2	0.8
SIM5x35	M5	5	35	35	4	8.5	5	4.2	0.8
SIM5x40	M5	5	40	40	4	8.5	5	4.2	0.8
SIM5x45	M5	5	45	45	4	8.5	5	4.2	0.8
SIM5x50	M5	5	50	50	4	8.5	5	4.2	0.8

SIM6x10	M6	6	10	10	5	10	6	5	1
SIM6x12	M6	6	12	12	5	10	6	5	1
SIM6x16	M6	6	16	16	5	10	6	5	1
SIM6x20	M6	6	20	20	5	10	6	5	1
SIM6x25	M6	6	25	24	5	10	6	5	1
SIM6x30	M6	6	30	24	5	10	6	5	1
SIM6x35	M6	6	35	24	5	10	6	5	1
SIM6x40	M6	6	40	24	5	10	6	5	1
SIM6x45	M6	6	45	24	5	10	6	5	1
SIM6x50	M6	6	50	24	5	10	6	5	1
SIM6x55	M6	6	55	24	5	10	6	5	1
SIM6x60	M6	6	60	24	5	10	6	5	1
												
SIM8x12	M8	8	12	12	6	13	8	6.8	1.25
SIM8x16	M8	8	16	16	6	13	8	6.8	1.25
SIM8x20	M8	8	20	20	6	13	8	6.8	1.25
SIM8x25	M8	8	25	25	6	13	8	6.8	1.25
SIM8x30	M8	8	30	28	6	13	8	6.8	1.25
SIM8x35	M8	8	35	28	6	13	8	6.8	1.25
SIM8x40	M8	8	40	28	6	13	8	6.8	1.25
SIM8x45	M8	8	45	28	6	13	8	6.8	1.25
SIM8x50	M8	8	50	28	6	13	8	6.8	1.25
SIM8x55	M8	8	55	28	6	13	8	6.8	1.25
SIM8x60	M8	8	60	28	6	13	8	6.8	1.25
SIM8x65	M8	8	65	28	6	13	8	6.8	1.25
SIM8x70	M8	8	70	28	6	13	8	6.8	1.25
SIM8x80	M8	8	80	28	6	13	8	6.8	1.25
												
SIM10x16	M10	10	16	16	8	16	10	8.5	1.5
SIM10x20	M10	10	20	20	8	16	10	8.5	1.5
SIM10x25	M10	10	25	25	8	16	10	8.5	1.5
SIM10x30	M10	10	30	30	8	16	10	8.5	1.5
SIM10x35	M10	10	35	32	8	16	10	8.5	1.5
SIM10x40	M10	10	40	32	8	16	10	8.5	1.5
SIM10x45	M10	10	45	32	8	16	10	8.5	1.5
SIM10x50	M10	10	50	32	8	16	10	8.5	1.5
SIM10x55	M10	10	55	32	8	16	10	8.5	1.5
SIM10x60	M10	10	60	32	8	16	10	8.5	1.5
SIM10x65	M10	10	65	32	8	16	10	8.5	1.5
SIM10x70	M10	10	70	32	8	16	10	8.5	1.5
SIM10x80	M10	10	80	32	8	16	10	8.5	1.5
SIM10x90	M10	10	90	32	8	16	10	8.5	1.5
SIM10x100	M10	10	100	32	8	16	10	8.5	1.5
												
SIM12x20	M12	12	20	20	10	18	12	10.2	1.75
SIM12x25	M12	12	25	25	10	18	12	10.2	1.75
SIM12x30	M12	12	30	30	10	18	12	10.2	1.75
SIM12x35	M12	12	35	35	10	18	12	10.2	1.75
SIM12x40	M12	12	40	36	10	18	12	10.2	1.75
SIM12x45	M12	12	45	36	10	18	12	10.2	1.75
SIM12x50	M12	12	50	36	10	18	12	10.2	1.75
SIM12x55	M12	12	55	36	10	18	12	10.2	1.75
SIM12x60	M12	12	60	36	10	18	12	10.2	1.75
SIM12x65	M12	12	65	36	10	18	12	10.2	1.75
SIM12x70	M12	12	70	36	10	18	12	10.2	1.75
SIM12x80	M12	12	80	36	10	18	12	10.2	1.75
SIM12x90	M12	12	90	36	10	18	12	10.2	1.75
SIM12x100	M12	12	100	36	10	18	12	10.2	1.75
SIM12x110	M12	12	110	36	10	18	12	10.2	1.75
SIM12x120	M12	12	120	36	10	18	12	10.2	1.75
												
SIM14x25	M14	14	25	25	14	24	16	14	2
SIM14x30	M14	14	30	30	14	24	16	14	2
SIM14x35	M14	14	35	35	14	24	16	14	2
SIM14x40	M14	14	40	40	14	24	16	14	2
SIM14x45	M14	14	45	44	14	24	16	14	2
SIM14x50	M14	14	50	44	14	24	16	14	2
SIM14x55	M14	14	55	44	14	24	16	14	2
SIM14x60	M14	14	60	44	14	24	16	14	2
SIM14x65	M14	14	65	44	14	24	16	14	2
SIM14x70	M14	14	70	44	14	24	16	14	2
SIM14x80	M14	14	80	44	14	24	16	14	2
SIM14x90	M14	14	90	44	14	24	16	14	2
SIM14x100	M14	14	100	44	14	24	16	14	2
SIM14x110	M14	14	110	44	14	24	16	14	2
SIM14x120	M14	14	120	44	14	24	16	14	2
SIM14x130	M14	14	130	44	14	24	16	14	2
SIM14x140	M14	14	140	44	14	24	16	14	2

SIM16x25	M16	16	25	25	14	24	16	14	2
SIM16x30	M16	16	30	30	14	24	16	14	2
SIM16x35	M16	16	35	35	14	24	16	14	2
SIM16x40	M16	16	40	40	14	24	16	14	2
SIM16x45	M16	16	45	44	14	24	16	14	2
SIM16x50	M16	16	50	44	14	24	16	14	2
SIM16x55	M16	16	55	44	14	24	16	14	2
SIM16x60	M16	16	60	44	14	24	16	14	2
SIM16x65	M16	16	65	44	14	24	16	14	2
SIM16x70	M16	16	70	44	14	24	16	14	2
SIM16x80	M16	16	80	44	14	24	16	14	2
SIM16x90	M16	16	90	44	14	24	16	14	2
SIM16x100	M16	16	100	44	14	24	16	14	2
SIM16x110	M16	16	110	44	14	24	16	14	2
SIM16x120	M16	16	120	44	14	24	16	14	2
SIM16x130	M16	16	130	44	14	24	16	14	2
SIM16x140	M16	16	140	44	14	24	16	14	2
SIM16x150	M16	16	150	44	14	24	16	14	2
SIM16x160	M16	16	160	44	14	24	16	14	2
												
SIM20x30	M20	20	30	30	17	30	20	17.5	2.5
SIM20x35	M20	20	35	35	17	30	20	17.5	2.5
SIM20x40	M20	20	40	40	17	30	20	17.5	2.5
SIM20x45	M20	20	45	45	17	30	20	17.5	2.5
SIM20x50	M20	20	50	50	17	30	20	17.5	2.5
SIM20x55	M20	20	55	52	17	30	20	17.5	2.5
SIM20x60	M20	20	60	52	17	30	20	17.5	2.5
SIM20x65	M20	20	65	52	17	30	20	17.5	2.5
SIM20x70	M20	20	70	52	17	30	20	17.5	2.5
SIM20x80	M20	20	80	52	17	30	20	17.5	2.5
SIM20x90	M20	20	90	52	17	30	20	17.5	2.5
SIM20x100	M20	20	100	52	17	30	20	17.5	2.5
SIM20x110	M20	20	110	52	17	30	20	17.5	2.5
SIM20x120	M20	20	120	52	17	30	20	17.5	2.5
SIM20x130	M20	20	130	52	17	30	20	17.5	2.5
SIM20x140	M20	20	140	52	17	30	20	17.5	2.5
SIM20x150	M20	20	150	52	17	30	20	17.5	2.5
SIM20x160	M20	20	160	52	17	30	20	17.5	2.5
SIM20x180	M20	20	180	52	17	30	20	17.5	2.5
SIM20x200	M20	20	200	52	17	30	20	17.5	2.5
												
SIM24x40	M24	24	40	40	19	36	24	21	3
SIM24x45	M24	24	45	45	19	36	24	21	3
SIM24x50	M24	24	50	50	19	36	24	21	3
SIM24x55	M24	24	55	55	19	36	24	21	3
SIM24x60	M24	24	60	60	19	36	24	21	3
SIM24x65	M24	24	65	60	19	36	24	21	3
SIM24x70	M24	24	70	60	19	36	24	21	3
SIM24x80	M24	24	80	60	19	36	24	21	3
SIM24x90	M24	24	90	60	19	36	24	21	3
SIM24x100	M24	24	100	60	19	36	24	21	3
SIM24x110	M24	24	110	60	19	36	24	21	3
SIM24x120	M24	24	120	60	19	36	24	21	3
SIM24x130	M24	24	130	60	19	36	24	21	3
SIM24x140	M24	24	140	60	19	36	24	21	3
SIM24x150	M24	24	150	60	19	36	24	21	3
SIM24x160	M24	24	160	60	19	36	24	21	3
SIM24x180	M24	24	180	60	19	36	24	21	3
SIM24x200	M24	24	200	60	19	36	24	21	3
												
SIM30x45	M30	30	45	45	22	45	30	26.5	3.5
SIM30x50	M30	30	50	50	22	45	30	26.5	3.5
SIM30x55	M30	30	55	55	22	45	30	26.5	3.5
SIM30x60	M30	30	60	60	22	45	30	26.5	3.5
SIM30x65	M30	30	65	65	22	45	30	26.5	3.5
SIM30x70	M30	30	70	70	22	45	30	26.5	3.5
SIM30x80	M30	30	80	72	22	45	30	26.5	3.5
SIM30x90	M30	30	90	72	22	45	30	26.5	3.5
SIM30x100	M30	30	100	72	22	45	30	26.5	3.5
SIM30x110	M30	30	110	72	22	45	30	26.5	3.5
SIM30x120	M30	30	120	72	22	45	30	26.5	3.5
SIM30x130	M30	30	130	72	22	45	30	26.5	3.5
SIM30x140	M30	30	140	72	22	45	30	26.5	3.5
SIM30x150	M30	30	150	72	22	45	30	26.5	3.5
SIM30x160	M30	30	160	72	22	45	30	26.5	3.5
SIM30x180	M30	30	180	72	22	45	30	26.5	3.5
SIM30x200	M30	30	200	72	22	45	30	26.5	3.5
												

