!---------------------------------------------------------------------
!	Œruba sto¿kowa z gniazdem imbusowym
!
!	Sruba stozkowa z gniazdem imbusowym
!	Zylinderschraube mit Innensechkant
!---------------------------------------------------------------------
			
SCREWTYPE	1
UNIT	MM

SURFACE	1
AXIS	43
CBSCR	ISO_10642
INFO	Œruba sto¿kowa

SYMBOL	STRING	DN	LG	B	S	DK	K	DG	P	
INSTANCE	STRING	DN	LG	B	S	DK	K	DG	P	

SSSIM3x8	M3	3	8	8	2	7	4	3.3	0.5
SSSIM3x10 	M3	3	10	10	2	7	4	3.3	0.5
SSSIM3x12 	M3	3	12	12	2	7	4	3.3	0.5
SSIM3x16	M3	3	16	16	2	7	4	3.3	0.5
SSIM3x20	M3	3	20	20	2	7	4	3.3	0.5
SSIM3x25	M3	3	25	20	2	7	4	3.3	0.5
SSIM3x30	M3	3	30	20	2	7	4	3.3	0.5


SSIM4x8		M4	4	8	8	3	7	4	3.3	0.7
SSIM4x10	M4	4	10	10	3	7	4	3.3	0.7
SSIM4x12	M4	4	12	12	3	7	4	3.3	0.7
SSIM4x16	M4	4	16	16	3	7	4	3.3	0.7
SSIM4x20	M4	4	20	20	3	7	4	3.3	0.7
SSIM4x25	M4	4	25	20	3	7	4	3.3	0.7
SSIM4x30	M4	4	30	20	3	7	4	3.3	0.7
SSIM4x35	M4	4	35	20	3	7	4	3.3	0.7
SSIM4x40	M4	4	40	20	3	7	4	3.3	0.7
												
SSIM5x8		M5	5	8	8	4	8.5	5	4.2	0.8	
SSIM5x10	M5	5	10	10	4	8.5	5	4.2	0.8
SSIM5x12	M5	5	12	12	4	8.5	5	4.2	0.8
SSIM5x16	M5	5	16	16	4	8.5	5	4.2	0.8
SSIM5x20	M5	5	20	20	4	8.5	5	4.2	0.8
SSIM5x25	M5	5	25	25	4	8.5	5	4.2	0.8
SSIM5x30	M5	5	30	30	4	8.5	5	4.2	0.8
SSIM5x35	M5	5	35	35	4	8.5	5	4.2	0.8
SSIM5x40	M5	5	40	40	4	8.5	5	4.2	0.8
SSIM5x45	M5	5	45	45	4	8.5	5	4.2	0.8
SSIM5x50	M5	5	50	50	4	8.5	5	4.2	0.8

SSIM6x8		M6	6	8	8	5	10	6	5	1
SSIM6x10	M6	6	10	10	5	10	6	5	1
SSIM6x12	M6	6	12	12	5	10	6	5	1
SSIM6x16	M6	6	16	16	5	10	6	5	1
SSIM6x20	M6	6	20	20	5	10	6	5	1
SSIM6x25	M6	6	25	24	5	10	6	5	1
SSIM6x30	M6	6	30	24	5	10	6	5	1
SSIM6x35	M6	6	35	24	5	10	6	5	1
SSIM6x40	M6	6	40	24	5	10	6	5	1
SSIM6x50	M6	6	50	24	5	10	6	5	1
												
SSIM8x10	M8	8	10	10	6	13	8	6.8	1.25
SSIM8x12	M8	8	12	12	6	13	8	6.8	1.25
SSIM8x16	M8	8	16	16	6	13	8	6.8	1.25
SSIM8x20	M8	8	20	20	6	13	8	6.8	1.25
SSIM8x25	M8	8	25	25	6	13	8	6.8	1.25
SSIM8x30	M8	8	30	28	6	13	8	6.8	1.25
SSIM8x35	M8	8	35	28	6	13	8	6.8	1.25
SSIM8x40	M8	8	40	28	6	13	8	6.8	1.25
SSIM8x50	M8	8	50	28	6	13	8	6.8	1.25
SSIM8x60	M8	8	60	28	6	13	8	6.8	1.25
												
SSIM10x12	M10	10	12	12	8	16	10	8.5	1.5
SSIM10x16	M10	10	16	16	8	16	10	8.5	1.5
SSIM10x20	M10	10	20	20	8	16	10	8.5	1.5
SSIM10x25	M10	10	25	25	8	16	10	8.5	1.5
SSIM10x30	M10	10	30	30	8	16	10	8.5	1.5
SSIM10x35	M10	10	35	32	8	16	10	8.5	1.5
SSIM10x40	M10	10	40	32	8	16	10	8.5	1.5
SSIM10x50	M10	10	50	32	8	16	10	8.5	1.5
SSIM10x60	M10	10	60	32	8	16	10	8.5	1.5
SSIM10x70	M10	10	70	32	8	16	10	8.5	1.5
												
SSIM12x20	M12	12	20	20	10	18	12	10.2	1.75
SSIM12x25	M12	12	25	25	10	18	12	10.2	1.75
SSIM12x30	M12	12	30	30	10	18	12	10.2	1.75
SSIM12x35	M12	12	35	35	10	18	12	10.2	1.75
SSIM12x40	M12	12	40	36	10	18	12	10.2	1.75
SSIM12x50	M12	12	50	36	10	18	12	10.2	1.75
SSIM12x60	M12	12	60	36	10	18	12	10.2	1.75
SSIM12x70	M12	12	70	36	10	18	12	10.2	1.75
												
SSIM14x25	M14	14	25	25	14	24	16	14	2
SSIM14x30	M14	14	30	30	14	24	16	14	2
SSIM14x35	M14	14	35	35	14	24	16	14	2
SSIM14x40	M14	14	40	40	14	24	16	14	2
SSIM14x50	M14	14	50	44	14	24	16	14	2
SSIM14x60	M14	14	60	44	14	24	16	14	2
SSIM14x70	M14	14	70	44	14	24	16	14	2
SSIM14x80	M14	14	80	44	14	24	16	14	2

SSIM16x30	M16	16	30	30	14	24	16	14	2
SSIM16x35	M16	16	35	35	14	24	16	14	2
SSIM16x40	M16	16	40	40	14	24	16	14	2
SSIM16x50	M16	16	50	44	14	24	16	14	2
SSIM16x60	M16	16	60	44	14	24	16	14	2
SSIM16x70	M16	16	70	44	14	24	16	14	2
SSIM16x80	M16	16	80	44	14	24	16	14	2
SSIM16x90	M16	16	90	44	14	24	16	14	2

SSIM18x35	M18	18	35	35	14	24	18	14	2
SSIM18x40	M18	18	40	40	14	24	18	14	2
SSIM18x50	M18	18	50	44	14	24	18	14	2
SSIM18x60	M18	18	60	44	14	24	18	14	2
SSIM18x70	M18	18	70	44	14	24	18	14	2
SSIM18x80	M18	18	80	44	14	24	18	14	2
SSIM18x90	M18	18	90	44	14	24	18	14	2
SSIM18x100	M18	18	100	44	14	24	18	14	2
												
SSIM20x35	M20	20	35	35	17	30	20	17.5	2.5
SSIM20x40	M20	20	40	40	17	30	20	17.5	2.5
SSIM20x50	M20	20	50	50	17	30	20	17.5	2.5
SSIM20x60	M20	20	60	52	17	30	20	17.5	2.5
SSIM20x70	M20	20	70	52	17	30	20	17.5	2.5
SSIM20x80	M20	20	80	52	17	30	20	17.5	2.5
SSIM20x90	M20	20	90	52	17	30	20	17.5	2.5
SSIM20x100	M20	20	100	52	17	30	20	17.5	2.5
												
SSIM22x40	M22	22	40	40	17	30	22	17.5	2.5
SSIM22x50	M22	22	50	50	17	30	22	17.5	2.5
SSIM22x60	M22	22	60	52	17	30	22	17.5	2.5
SSIM22x70	M22	22	70	52	17	30	22	17.5	2.5
SSIM22x80	M22	22	80	52	17	30	22	17.5	2.5
SSIM22x90	M22	22	90	52	17	30	22	17.5	2.5
SSIM22x100	M22	22	100	52	17	30	22	17.5	2.5

SSIM24x50	M24	24	50	50	19	36	24	21	3
SSIM24x60	M24	24	60	60	19	36	24	21	3
SSIM24x70	M24	24	70	60	19	36	24	21	3
SSIM24x80	M24	24	80	60	19	36	24	21	3
SSIM24x90	M24	24	90	60	19	36	24	21	3
SSIM24x100	M24	24	100	60	19	36	24	21	3

												

												

